Chr Pos BRG1 BRG2 BRG3 BRG4 BRG5 BRM1 BRM2 BRM3 BRM4 BRM5 BRM6 BRM7 BRM8 BRM9 BRM10 CHCA1 CHCA2 CHCA3 CHCA4 CHCA5 CHCA6 CHCA7 CHCA8 CHCA9 CHCA10 CHCA11 CHCA12 CHCA13 CHCA14 CHCA15 CHCU1 CHCU2 CHCU3 CHCU4 CHCU5 CHCU6 CHCU7 CHCU8 CHCU9 CHCU10 CHCU11 CHCU12 CHFR1 CHFR2 CHFR3 CHFR4 CHFR5 CHFR6 CHFR7 CHFR8 CHFR9 CHFR10 CHFR11 CHFR12 CHFR13 CHFR14 CHFR15 TXL1 TXL2 TXL3 TXL4
25 13233 0 0 9 0 0 0 0 1 0 0 9 1 0 0 0 0 0 0 0 0 0 0 0 9 0 0 0 0 9 0 0 0 0 0 0 9 0 9 0 0 0 0 0 0 0 9 0 0 9 0 0 0 0 0 0 0 0 0 0 0 0
25 13621 0 0 0 0 0 0 0 1 0 0 9 0 0 0 0 0 9 9 0 0 0 0 0 0 0 0 0 0 0 0 0 0 0 0 0 0 0 0 0 0 0 0 0 0 0 0 0 0 0 0 0 0 0 0 0 0 0 0 0 0 0
25 18007 0 0 0 0 0 0 0 0 0 0 9 0 0 0 0 9 0 0 0 0 0 0 0 0 0 0 9 0 9 0 0 0 0 0 0 0 0 9 0 0 9 0 0 0 0 0 0 0 9 0 0 0 0 0 0 0 0 0 0 0 0
25 18008 0 0 0 0 0 0 1 0 0 0 9 0 0 0 0 0 0 0 0 0 0 0 0 0 0 0 9 0 9 0 0 0 0 0 0 0 0 9 0 0 9 0 0 0 0 0 0 0 9 0 0 0 0 0 0 0 0 0 0 0 0
25 18026 9 0 2 0 0 1 0 1 1 1 9 2 1 1 9 9 0 1 0 0 0 0 0 1 0 0 9 0 9 0 0 0 0 0 0 0 9 9 0 0 0 0 0 0 0 0 1 0 9 0 0 0 0 0 1 0 0 0 0 0 0
25 18370 0 0 0 9 0 0 0 0 0 0 0 0 0 0 0 0 0 0 0 0 0 0 0 0 0 0 0 0 0 0 0 0 0 9 0 9 0 0 0 0 0 0 0 0 0 0 0 0 9 0 0 0 0 0 0 0 0 0 0 0 0
25 18485 0 1 1 9 0 0 0 0 0 0 0 0 0 0 0 0 0 9 0 0 0 0 0 0 0 0 9 0 9 0 0 0 9 1 0 0 0 1 1 9 0 0 9 9 0 0 0 0 0 0 1 0 1 1 1 0 0 9 1 0 0
25 26202 9 0 0 0 0 9 0 1 2 1 1 1 0 1 0 0 0 1 0 0 0 0 0 1 0 1 0 0 0 9 0 0 0 0 0 1 0 0 0 0 0 0 0 9 0 0 1 0 9 0 0 0 0 0 1 9 0 0 0 0 0
25 26204 0 0 0 0 0 0 0 1 0 0 0 0 0 0 0 0 0 0 0 0 0 0 0 0 0 0 0 0 0 9 0 0 0 0 0 9 0 0 0 0 0 0 0 9 0 0 0 0 9 0 0 0 0 0 0 0 0 0 0 0 0
25 26213 0 0 0 0 0 0 0 1 0 0 0 0 0 0 0 0 0 0 0 0 0 0 0 0 0 0 0 0 0 9 0 0 0 0 0 0 0 0 0 0 0 0 0 0 0 9 0 0 9 0 0 0 0 0 9 0 0 0 0 0 0
25 26248 0 0 0 0 9 0 0 0 0 0 0 0 0 0 0 0 0 0 1 0 1 0 0 0 9 1 0 0 1 9 1 0 0 0 1 0 0 0 0 2 1 1 1 1 1 0 1 0 9 1 1 2 1 0 1 1 1 0 1 0 0
25 26714 1 0 0 0 0 0 1 1 1 1 0 0 0 1 0 0 0 0 0 9 0 0 0 9 0 0 0 0 0 0 0 9 0 0 0 9 0 0 0 0 0 0 9 0 0 0 0 0 9 0 0 9 0 0 0 0 0 0 0 0 0
25 26730 0 0 0 0 0 0 0 0 0 0 0 0 0 0 0 0 0 0 0 9 0 0 0 9 0 0 0 0 0 0 0 9 0 1 0 9 0 0 0 0 0 0 0 0 0 0 0 0 9 0 0 0 0 0 0 0 0 0 0 0 0
25 26753 0 0 0 0 0 2 1 0 0 1 0 1 2 0 1 0 0 0 0 9 0 0 0 9 0 0 9 0 0 0 0 0 0 0 0 9 1 1 1 0 0 0 0 0 0 0 0 0 0 0 0 0 0 0 0 0 0 0 0 0 0
25 27025 0 0 1 0 0 9 1 0 0 1 0 1 2 0 1 0 0 0 0 0 0 0 0 0 0 9 1 9 0 9 0 0 0 0 0 9 1 0 1 0 0 0 0 0 0 0 0 0 0 0 0 0 0 0 0 0 0 0 0 0 0
25 27105 1 0 1 0 0 2 2 1 1 1 0 1 2 1 0 0 0 0 0 0 0 0 0 0 0 0 1 0 0 0 0 0 0 0 0 9 1 1 1 0 0 0 9 0 0 0 0 0 9 0 0 0 0 0 0 0 0 0 9 0 0
25 28389 0 0 0 0 0 0 1 0 0 0 0 0 0 0 0 0 0 0 0 0 0 0 0 0 0 0 0 0 0 0 0 0 0 0 0 0 0 0 0 0 0 0 0 0 0 0 0 0 9 0 0 0 0 0 0 0 0 0 0 0 0
25 28423 0 0 0 0 0 0 0 0 0 0 0 0 0 0 0 0 0 0 0 0 0 0 0 0 0 0 0 0 9 0 0 0 0 0 0 0 0 0 0 0 0 0 0 0 0 0 0 0 0 0 0 0 0 0 0 0 0 0 0 0 0
25 28449 0 9 0 0 0 0 0 0 0 0 0 0 0 0 0 0 0 0 0 0 0 0 0 9 0 0 9 0 9 0 0 0 0 0 0 0 0 0 0 0 0 0 0 0 0 0 0 1 0 0 0 0 0 0 0 0 0 0 0 9 0
25 28467 0 0 0 0 0 0 0 0 0 0 0 0 0 0 0 0 0 0 0 0 0 0 0 0 0 0 0 0 0 0 0 0 0 0 0 0 0 0 0 0 0 0 0 0 0 0 0 0 0 0 0 0 0 0 0 0 0 0 0 0 0
25 28479 0 0 1 0 0 2 1 0 0 1 0 1 1 0 1 0 0 0 0 0 0 0 0 0 0 9 0 0 0 0 0 0 0 0 0 0 1 1 0 0 0 0 0 0 0 0 0 0 9 0 0 0 0 0 0 0 0 0 0 0 0
25 28492 0 0 0 0 0 0 0 0 0 0 0 0 0 0 0 0 0 0 9 0 0 0 0 0 0 0 0 0 0 0 0 0 0 0 0 0 0 0 0 0 0 0 0 0 0 0 0 0 9 0 0 0 0 0 0 0 0 0 0 0 0
25 30829 2 0 1 1 0 0 1 1 1 1 1 0 0 1 0 0 0 0 0 0 0 0 0 9 9 0 0 0 0 0 0 0 0 0 0 0 0 0 0 0 0 0 0 9 0 0 0 0 9 0 0 0 0 0 0 0 0 1 0 0 0
25 31047 1 0 0 9 0 0 1 1 1 1 0 0 0 0 0 0 0 0 0 0 0 0 0 0 0 0 0 0 0 0 0 0 0 0 0 0 0 0 0 9 0 0 0 0 0 0 0 0 0 0 0 0 0 0 0 0 0 0 0 0 0
25 31060 0 0 0 9 0 0 1 1 0 0 0 0 1 1 9 0 0 0 0 0 0 0 0 9 0 0 0 0 0 0 0 0 0 0 0 0 0 0 1 0 0 0 0 0 0 0 0 0 0 0 0 0 0 0 0 0 0 0 0 0 0
25 31100 0 0 0 0 0 0 1 1 0 9 0 0 1 1 0 0 0 0 0 0 0 0 0 0 0 0 0 9 0 0 0 0 0 0 0 0 0 0 1 9 0 0 0 0 0 0 0 0 0 0 0 0 0 0 0 9 0 0 0 0 0
25 31516 0 0 0 0 0 0 0 0 0 0 0 0 0 0 0 0 0 0 0 0 0 0 0 0 9 0 0 9 9 0 0 0 0 0 9 0 0 0 0 0 0 0 0 0 0 0 0 0 0 0 0 0 0 0 0 0 0 0 0 0 0
25 31566 0 0 0 0 0 0 0 0 0 0 0 0 0 0 0 0 0 0 0 0 0 0 0 0 9 0 9 0 0 0 0 0 0 0 0 0 0 0 0 0 0 0 0 0 0 0 0 0 0 0 0 0 0 0 0 0 0 0 0 0 0
25 31567 0 0 0 0 0 0 0 0 0 0 0 0 0 0 0 0 0 0 0 0 0 0 0 0 9 0 9 0 0 0 0 0 0 0 0 0 0 0 0 0 0 0 0 0 0 0 0 0 0 0 0 0 0 0 0 0 0 0 0 0 0
25 31569 0 0 0 0 0 0 0 0 0 0 0 0 0 0 0 0 0 0 0 0 0 0 0 0 9 0 9 0 0 0 0 0 0 0 0 0 0 0 0 0 0 0 0 0 0 0 0 0 0 0 0 0 0 0 0 0 0 0 0 0 0
25 31585 1 0 1 0 0 2 2 2 1 2 0 1 2 2 2 0 0 0 0 0 0 0 0 0 9 0 0 0 9 0 0 0 0 0 0 0 1 1 1 0 0 0 0 0 0 0 0 0 0 0 0 0 0 0 0 0 0 0 0 0 0
25 35348 0 0 0 0 0 2 0 0 0 1 0 1 1 0 1 0 0 0 0 0 0 0 0 0 0 9 1 0 0 0 0 0 0 0 0 0 1 9 0 9 0 0 0 0 0 0 0 0 0 0 0 0 0 0 0 0 0 0 0 0 0
25 35349 0 0 0 0 0 0 1 1 0 0 0 0 0 0 0 0 0 0 0 0 0 0 0 0 0 9 0 0 0 9 0 0 0 0 0 0 0 9 0 9 0 0 0 0 0 0 0 0 0 0 0 0 0 0 0 0 0 0 0 0 0
25 37087 0 0 0 0 0 0 0 0 0 1 1 0 0 0 9 0 0 0 0 0 0 0 0 9 0 9 0 0 0 0 0 0 0 0 0 0 0 9 0 0 0 0 9 0 0 0 0 9 9 0 0 0 0 0 0 0 0 0 0 0 0
25 37092 0 0 0 0 0 0 0 0 0 1 1 0 0 0 9 0 0 0 0 0 0 0 0 9 0 9 0 0 9 0 0 0 0 0 0 0 0 9 0 0 0 0 9 0 0 0 0 0 9 0 0 0 0 0 0 0 0 0 9 0 0
25 37096 0 0 0 0 0 0 0 0 0 1 1 0 0 0 9 0 0 0 0 0 0 0 0 9 0 9 0 0 9 0 0 0 0 0 0 0 0 9 0 0 0 0 9 0 0 0 0 0 9 0 0 0 0 0 0 0 0 0 0 0 0
25 37137 0 0 0 0 0 0 0 0 0 0 0 0 0 0 9 1 0 0 0 0 0 1 0 9 0 9 0 0 1 0 0 0 1 0 0 1 1 9 0 1 1 1 9 0 0 0 0 1 9 0 0 0 9 0 0 0 0 0 0 0 0
25 37167 0 0 1 0 0 1 0 0 0 1 0 1 9 0 9 0 0 0 0 0 0 0 0 9 0 0 1 0 0 0 0 0 0 0 0 0 1 1 0 0 0 0 0 9 0 0 0 0 0 0 0 0 9 0 0 0 0 0 0 0 0
25 49918 1 0 0 9 0 0 1 1 1 1 0 0 0 1 0 0 0 0 0 0 0 0 0 0 9 0 9 0 0 0 0 0 0 0 0 0 0 0 0 0 0 0 0 0 0 0 0 0 0 0 0 0 0 0 0 0 0 0 9 0 0
25 49921 0 0 0 9 0 0 0 1 0 0 0 0 0 0 0 0 0 0 0 0 0 0 0 0 9 0 0 0 9 0 0 0 0 0 0 0 0 0 0 0 0 0 0 0 0 0 0 0 0 0 0 0 0 0 0 0 0 0 0 0 0
25 50077 0 0 1 0 0 2 1 0 0 1 0 1 1 0 1 0 0 0 0 0 0 0 0 9 0 0 9 0 0 0 0 0 0 9 0 0 1 1 0 0 0 0 0 0 0 0 0 0 0 0 0 0 0 0 0 0 9 0 0 0 0
25 50089 0 0 0 0 0 0 0 0 0 0 0 0 1 1 1 0 0 0 0 0 0 0 0 0 0 0 0 0 0 0 0 0 0 9 0 0 0 0 1 0 0 9 0 0 0 0 0 0 0 0 0 0 0 0 0 0 9 0 0 0 0
25 51708 0 0 0 0 0 0 0 0 0 0 0 0 0 0 0 0 0 0 0 0 0 0 0 9 0 0 0 0 0 0 0 1 0 0 0 0 0 0 0 0 0 0 0 0 0 0 0 0 0 0 0 0 0 0 0 0 0 0 0 0 0
25 51765 0 0 0 0 0 0 0 0 0 0 0 0 0 0 0 0 0 0 0 0 0 0 0 0 9 0 9 0 9 0 0 1 0 0 0 0 0 0 0 0 0 0 0 0 0 0 0 0 0 0 0 0 0 0 0 0 0 0 0 0 0
25 51769 0 0 0 0 0 0 0 0 0 0 0 0 0 0 0 0 0 0 0 0 0 0 0 0 0 0 9 0 9 0 0 1 0 0 0 0 0 0 0 0 0 0 0 0 0 0 0 0 0 0 0 0 0 0 0 0 0 0 0 0 0
25 51773 0 0 0 0 0 0 0 0 0 0 0 0 0 0 0 0 0 0 0 0 0 0 0 0 0 9 9 0 9 0 0 0 0 0 0 0 0 0 0 0 0 0 0 0 9 9 0 0 0 1 0 0 9 0 0 0 1 0 0 0 0
25 51776 0 0 0 0 0 0 0 0 0 0 0 0 0 0 0 0 0 0 0 0 0 0 0 0 0 0 9 0 9 0 0 1 0 0 0 0 0 0 0 0 0 0 0 0 0 0 0 0 0 0 0 0 0 0 0 0 0 0 0 0 0
25 54017 0 0 1 0 0 2 0 0 0 1 0 0 1 9 9 0 0 0 0 0 0 0 0 9 0 0 1 0 0 0 0 0 0 9 0 0 1 0 0 0 0 0 9 9 0 0 0 0 0 0 0 0 0 0 0 0 0 0 0 9 0
25 54341 0 0 0 0 0 0 0 1 0 0 0 0 0 0 0 0 0 0 0 0 0 0 0 9 9 9 0 0 0 0 0 0 0 0 0 0 0 0 9 0 0 0 0 9 0 0 0 0 0 0 0 0 0 0 0 0 0 0 0 9 0
25 54380 0 0 1 0 0 1 0 0 0 1 0 1 1 0 1 0 0 0 0 0 0 0 0 9 9 0 0 0 9 0 0 0 0 0 0 0 1 1 9 0 0 0 0 9 0 0 0 9 0 0 0 0 0 0 0 0 0 0 0 0 9
25 54487 0 0 0 0 0 0 1 0 0 0 0 0 0 0 0 0 0 0 0 0 0 0 0 0 0 0 0 9 9 0 0 0 0 0 0 0 0 0 0 0 0 0 9 0 0 0 0 0 0 0 0 0 0 0 0 0 0 0 0 0 0
25 54571 1 0 0 0 0 0 1 1 1 1 0 0 1 1 1 0 0 0 0 0 0 0 0 0 9 0 0 0 9 0 0 0 0 0 0 0 0 0 1 0 0 0 0 0 0 0 0 0 9 0 0 0 0 9 0 0 0 0 0 0 0
25 54937 0 0 0 0 0 0 0 0 0 0 0 0 0 0 0 0 0 0 0 9 0 0 0 0 9 0 0 0 0 9 0 0 0 0 0 0 0 0 0 1 0 1 0 9 0 0 0 0 0 0 0 0 0 0 0 0 0 0 0 0 9
25 54952 0 0 0 0 0 0 0 0 0 0 0 0 1 1 1 0 0 0 0 9 0 0 0 0 9 0 0 0 0 0 0 0 0 0 0 0 0 0 1 0 0 0 0 9 0 0 0 0 0 0 0 0 0 0 0 0 0 0 0 0 0
25 55097 0 0 0 0 0 0 1 0 0 0 0 0 0 0 0 0 0 0 0 0 0 0 0 0 9 0 0 0 9 0 0 0 0 0 0 0 0 0 0 0 0 0 0 0 0 0 0 0 9 0 0 0 0 0 9 0 0 0 0 0 0
25 55128 0 0 0 0 0 0 1 1 0 0 0 0 0 0 0 0 0 0 0 0 0 0 0 0 0 0 0 0 0 0 0 0 0 0 0 0 0 0 0 0 0 0 0 0 0 0 9 0 0 0 0 0 0 0 9 0 0 0 0 0 0
25 56327 0 0 0 0 0 0 1 0 0 0 0 0 0 0 0 0 0 0 0 0 0 0 0 0 0 9 0 0 0 0 0 0 0 0 0 0 0 0 0 0 0 0 0 0 0 0 0 0 9 0 0 0 0 0 0 0 0 0 0 0 0
25 57019 0 0 0 0 0 0 1 0 0 0 0 0 0 0 0 0 0 0 0 0 0 0 0 0 9 9 0 0 0 0 0 0 0 0 0 0 0 0 0 0 0 0 0 0 0 0 0 0 0 0 0 0 0 0 0 0 0 0 0 0 0
25 57836 0 0 1 0 0 2 0 0 0 1 0 1 1 1 2 0 0 0 0 0 0 0 0 9 0 0 9 0 0 9 0 0 0 0 9 0 1 1 9 0 0 0 0 0 0 0 0 0 0 0 0 0 0 0 0 0 0 0 0 0 0
25 57847 0 0 0 0 0 0 0 0 0 0 0 0 0 0 9 0 0 0 0 0 0 0 0 0 0 0 9 0 0 9 0 0 0 0 9 0 0 0 0 0 0 0 0 0 0 0 0 0 0 0 0 0 0 0 0 0 0 0 0 0 0
25 58601 0 0 1 0 0 2 0 0 0 1 9 1 9 0 1 0 0 0 0 0 0 0 0 9 9 9 1 0 0 0 0 0 0 0 0 0 1 1 0 0 0 0 9 9 0 0 9 0 0 0 0 0 0 0 0 0 0 0 0 0 0
25 58650 0 0 1 0 0 2 1 1 0 1 0 1 2 0 2 0 0 0 0 0 0 0 0 9 9 9 1 0 0 0 0 0 0 0 0 0 1 1 1 0 0 0 0 9 0 0 0 0 9 0 0 0 0 0 0 0 0 0 0 0 0
25 58703 0 0 1 0 0 2 0 0 0 1 0 1 1 0 1 0 0 0 0 0 0 0 0 9 0 0 1 0 0 0 0 0 0 0 0 0 1 1 0 0 0 0 0 0 0 0 0 9 9 0 0 0 0 0 0 0 0 0 0 0 0
25 58704 0 0 0 0 0 0 1 1 0 0 0 0 0 0 0 0 0 0 0 0 0 0 0 9 0 0 0 0 0 0 0 0 0 0 0 0 0 0 0 0 0 0 0 0 0 0 0 9 9 0 0 0 0 0 0 0 0 0 0 0 0
25 58713 0 0 0 0 0 0 0 1 0 0 0 0 9 0 0 0 0 0 0 0 0 0 0 9 0 0 0 0 0 0 0 0 0 0 0 0 0 0 0 9 0 9 0 0 0 0 0 9 9 0 0 0 0 0 0 0 0 0 0 9 0
25 58718 0 0 1 0 0 2 0 0 0 1 0 1 9 0 1 0 0 0 0 0 0 0 0 9 0 0 1 0 0 0 0 0 0 0 0 0 1 1 0 0 0 0 0 0 0 0 0 9 9 0 0 0 0 0 0 0 0 0 0 0 0
25 59102 0 0 0 0 0 0 0 0 0 0 0 0 1 1 9 0 0 0 0 0 0 0 0 9 0 0 9 0 0 0 0 0 0 0 0 0 0 9 1 0 0 0 0 0 0 0 0 0 0 0 0 0 0 0 0 0 0 0 0 0 0
25 59105 0 0 1 0 0 2 1 1 0 1 0 1 2 1 9 0 0 0 0 0 0 0 0 9 0 0 9 0 0 0 0 0 0 0 0 0 1 0 1 0 0 0 0 0 0 0 0 0 0 0 0 0 0 0 0 0 0 0 0 0 0
25 59324 0 0 0 0 0 0 0 0 0 0 0 0 0 1 9 0 0 0 0 0 0 0 0 9 0 0 9 9 0 0 0 0 0 0 0 0 0 0 1 0 0 0 0 0 0 0 0 0 0 0 0 0 0 0 0 0 0 0 0 0 0
25 59350 0 0 0 0 0 0 0 1 0 0 0 0 0 0 9 0 0 0 0 0 0 0 0 9 0 0 9 9 0 0 0 0 0 0 0 0 0 0 0 0 0 0 0 0 0 0 0 0 0 0 0 0 0 0 0 0 0 0 0 0 0
25 66868 0 0 0 0 0 0 9 0 0 0 0 0 0 1 1 0 0 0 0 0 0 0 0 0 0 9 0 0 0 0 0 0 0 0 0 0 0 0 0 0 0 0 9 0 0 0 0 0 9 0 0 0 0 0 0 0 0 0 0 0 0
25 66892 0 0 0 0 0 0 1 0 0 0 0 0 9 1 0 0 0 0 0 0 0 0 0 0 9 0 0 0 0 0 0 0 0 0 0 0 0 0 0 0 0 0 9 0 0 0 0 0 9 0 0 0 0 0 0 0 0 0 0 9 0
25 66930 0 0 0 0 0 0 0 0 0 0 0 0 0 0 0 0 0 0 0 0 0 0 0 0 9 0 0 0 9 0 0 0 0 0 0 0 0 0 0 1 0 1 9 0 0 0 0 0 0 0 0 0 0 0 0 0 0 0 0 9 0
25 66938 0 0 0 0 0 0 1 0 0 0 0 0 1 1 0 0 0 0 0 0 0 0 0 0 0 0 0 0 9 9 0 0 0 0 0 0 0 0 0 0 0 0 0 0 0 0 0 0 9 0 0 0 0 0 0 0 0 0 0 9 0
25 67135 0 0 0 0 0 0 1 0 0 0 0 0 1 1 1 0 0 0 0 0 0 0 0 9 9 0 0 0 0 0 0 0 0 0 0 0 0 0 1 0 0 0 0 0 0 0 0 0 9 0 0 0 0 0 0 0 0 0 0 0 0
25 67156 0 0 0 1 0 0 0 0 0 0 0 0 0 0 9 0 0 0 0 0 0 0 0 9 9 0 0 0 0 0 1 1 0 0 0 0 1 0 1 0 0 1 0 0 0 0 0 0 0 0 0 0 0 0 0 0 0 0 0 1 1
25 67167 0 0 0 9 0 0 0 0 0 0 0 0 0 0 0 0 0 0 0 0 0 0 0 9 9 0 0 9 0 0 1 1 0 0 0 0 1 0 1 0 0 1 0 0 0 0 0 0 0 0 0 0 0 0 0 0 0 0 0 1 0
25 70077 0 0 0 0 0 0 1 0 0 0 0 0 1 9 1 0 0 0 0 0 0 0 0 0 9 0 0 0 0 0 0 0 0 0 0 0 0 0 1 0 0 0 0 0 0 0 0 0 0 0 0 0 0 0 0 0 0 0 0 0 0
25 70093 0 0 0 0 0 0 1 0 0 0 0 0 1 1 1 0 0 0 0 9 0 0 0 0 9 0 0 0 0 0 0 0 0 0 0 0 0 0 1 0 0 0 0 0 0 0 0 0 9 0 0 0 0 0 0 0 0 0 0 0 0
25 70219 0 0 0 0 0 0 0 0 0 0 0 0 0 0 0 0 0 0 0 0 0 0 0 0 0 0 0 0 0 0 0 0 0 1 0 0 0 0 0 0 0 0 0 0 0 0 1 0 9 0 0 0 0 0 1 0 0 0 0 0 0
25 70257 0 0 0 0 9 0 0 0 0 0 0 0 0 0 0 0 0 0 0 0 0 0 0 0 0 0 0 0 0 0 0 0 0 1 0 0 0 0 0 0 0 0 0 0 0 0 1 0 9 0 0 0 0 0 0 0 0 0 0 0 0
25 71324 0 0 0 0 0 9 9 0 0 0 0 0 1 0 1 0 0 0 0 0 0 9 0 0 0 0 0 0 0 0 0 0 0 0 0 0 0 0 1 9 0 0 0 0 9 0 0 0 0 0 0 0 0 0 0 0 0 0 0 0 0
25 71345 0 0 0 0 0 0 1 0 0 0 0 0 1 1 1 0 0 0 0 0 0 0 0 0 9 0 0 0 0 0 0 0 0 0 0 0 0 0 1 0 0 0 0 0 0 0 0 0 0 0 0 0 0 0 0 0 0 0 0 0 0
25 71431 0 0 0 0 0 0 1 0 0 0 0 0 1 1 1 0 0 0 0 0 0 0 0 0 9 9 0 0 0 0 0 0 0 0 0 0 0 0 1 0 0 0 0 0 0 0 0 0 0 0 0 0 0 0 0 0 0 0 0 0 0
25 73636 0 0 0 0 0 0 1 0 0 0 0 0 1 1 1 0 0 0 0 0 0 0 0 9 0 0 0 0 0 0 0 0 0 0 0 0 0 0 9 0 0 0 0 0 0 0 0 0 0 0 0 0 0 0 0 0 0 0 0 0 0
25 75311 0 0 0 0 0 0 1 0 0 0 0 0 1 0 0 0 0 0 0 0 0 0 0 9 0 0 0 0 0 9 0 0 0 0 0 0 0 0 9 0 0 0 0 0 0 0 0 0 0 0 0 0 0 0 0 0 0 0 0 9 0
25 75324 0 0 0 0 0 0 1 0 0 0 0 0 9 0 0 0 0 0 0 0 0 0 0 0 0 0 0 0 0 9 0 0 0 0 0 0 0 0 9 0 0 0 0 0 0 0 9 0 0 0 0 0 0 0 0 0 0 0 0 9 0
25 76450 0 0 0 0 0 9 0 0 0 0 0 0 0 0 9 0 0 0 0 0 0 0 1 0 9 0 0 0 0 0 0 0 0 0 0 0 0 0 0 0 0 0 0 0 0 0 0 0 0 0 0 0 0 0 0 0 0 0 0 9 0
25 76471 0 0 0 0 0 9 0 0 0 0 0 0 0 0 9 0 1 0 0 0 1 9 0 0 0 0 0 0 0 9 0 0 0 0 0 1 0 0 0 0 0 0 0 0 0 0 0 0 0 0 0 0 0 0 0 0 0 0 0 0 0
25 76474 0 0 0 0 0 9 0 0 0 0 0 0 0 0 0 0 1 0 0 0 1 0 0 0 0 0 0 0 0 9 0 0 0 0 0 1 0 0 0 0 0 0 0 0 0 0 0 0 0 0 0 0 0 0 0 0 0 0 0 0 0
25 85623 0 0 0 0 0 0 0 0 0 0 0 0 0 0 1 0 0 0 0 0 0 0 0 9 0 9 0 9 0 0 0 0 0 0 0 0 0 0 0 0 0 0 0 0 0 0 0 0 0 0 0 0 0 0 0 0 0 0 0 0 0
25 86000 0 0 0 0 0 0 1 1 0 0 0 0 0 1 1 0 0 0 0 0 0 0 0 0 0 0 0 0 0 0 0 0 0 0 0 0 0 0 0 0 0 0 0 0 0 0 0 0 0 0 0 0 0 0 0 0 0 0 0 0 0
25 86475 1 2 1 0 0 2 2 2 2 2 1 2 2 2 2 0 2 2 2 2 2 1 2 9 1 9 2 1 2 1 1 1 2 9 1 1 1 1 1 2 2 1 2 1 2 2 1 0 9 2 2 2 2 2 1 2 2 1 1 1 1
25 86483 1 0 1 0 0 2 1 9 0 1 0 1 2 0 1 0 0 0 0 0 0 0 0 0 0 9 1 0 0 0 0 0 0 0 0 0 1 1 1 0 0 0 0 0 0 0 0 0 0 0 0 0 0 0 0 0 0 0 0 0 0
25 86489 1 0 1 0 0 2 1 9 0 1 0 1 2 0 1 0 0 0 0 0 0 0 0 9 0 0 1 0 0 0 0 0 0 0 0 0 1 1 1 0 0 0 0 0 0 0 0 0 0 0 0 0 0 0 0 0 0 0 0 0 0
25 86688 1 2 1 0 0 9 2 2 2 2 9 2 2 2 2 1 2 2 2 2 2 1 2 0 1 2 2 1 2 1 1 1 2 1 1 1 1 1 1 2 2 1 2 1 2 2 1 0 1 2 2 2 2 2 1 2 2 1 1 1 1
25 86779 0 0 0 0 0 0 0 0 0 0 0 0 0 0 0 0 0 0 0 0 0 0 0 0 0 0 0 0 0 1 0 0 0 0 0 0 0 0 0 0 0 0 0 0 0 0 0 0 9 0 0 0 0 0 0 0 0 9 0 0 0
25 87329 0 0 0 9 1 0 0 0 0 0 9 0 0 0 0 1 0 0 0 0 0 0 0 9 1 0 0 0 0 0 1 1 0 0 0 0 1 1 1 0 0 9 0 0 0 0 0 1 9 0 0 0 0 0 0 0 0 0 0 1 1
25 87756 0 0 0 0 0 0 0 0 0 0 0 0 0 0 0 0 0 0 0 0 0 0 0 9 9 0 0 9 0 0 0 0 1 0 0 0 0 0 0 1 0 1 0 0 0 0 0 0 0 0 0 0 0 0 0 0 0 0 0 0 0
25 87801 0 0 0 0 0 0 1 1 0 0 0 0 0 1 0 0 0 0 0 0 0 0 0 9 0 0 0 9 0 0 0 0 0 0 0 0 0 0 0 0 0 0 0 0 0 0 0 0 0 0 0 0 0 0 0 0 0 0 0 0 0
