Position	iES_BRG	iES_BRM	iES_CHCU	iES_CHCA	iES_CHFR	iES_TXL	log(iES_BRG)	log(iES_BRM)	log(iES_CHCU)	log(iES_CHCA)	log(iES_CHFR)	log(iES_TXL)	Rsb(BRG/BRM)	Rsb(BRG/CHCU)	Rsb(BRG/CHCA)	Rsb(BRG/CHFR)	Rsb(BRG/TXL)	Rsb(BRM/CHCU)	Rsb(BRM/CHCA)	Rsb(BRM/CHFR)	Rsb(BRM/TXL)	Rsb(CHCU/CHCA)	Rsb(CHCU/CHFR)	Rsb(CHCU/TXL)	Rsb(CHCA/CHFR)	Rsb(CHCA/TXL)	Rsb(CHFR/TXL)	RsbN(BRG/BRM)	RsbN(BRG/CHCU)	RsbN(BRG/CHCA)	RsbN(BRG/CHFR)	RsbN(BRG/TXL)	RsbN(BRM/CHCU)	RsbN(BRM/CHCA)	RsbN(BRM/CHFR)	RsbN(BRM/TXL)	RsbN(CHCU/CHCA)	RsbN(CHCU/CHFR)	RsbN(CHCU/TXL)	RsbN(CHCA/CHFR)	RsbN(CHCA/TXL)	RsbN(CHFR/TXL)	
13233.000000	22722.100000	6412.750000	35736.233333	13481.791667	22722.066667	37525.625000	10.031093	8.766043	10.483920	9.509095	10.031092	10.532779	1.265050	-0.452827	0.521998	0.000001	-0.501686	-1.717877	-0.743052	-1.265048	-1.766736	0.974825	0.452829	-0.048859	-0.521997	-1.023684	-0.501687	0.143992	-0.736260	0.224911	1.312339	-0.738827	-0.582674	-0.041213	0.179072	-0.440251	0.655070	2.307612	-0.166677	0.300398	-0.862172	-1.807099	
13621.000000	22722.100000	6690.944444	35736.233333	13481.791667	22722.066667	37525.625000	10.031093	8.808510	10.483920	9.509095	10.031092	10.532779	1.222583	-0.452827	0.521998	0.000001	-0.501686	-1.675410	-0.700585	-1.222582	-1.724269	0.974825	0.452829	-0.048859	-0.521997	-1.023684	-0.501687	0.060700	-0.736260	0.224911	1.312339	-0.738827	-0.505934	0.024010	0.253777	-0.371416	0.655070	2.307612	-0.166677	0.300398	-0.862172	-1.807099	
18007.000000	22722.100000	6242.150000	35736.233333	13481.791667	22722.066667	37525.625000	10.031093	8.739080	10.483920	9.509095	10.031092	10.532779	1.292013	-0.452827	0.521998	0.000001	-0.501686	-1.744840	-0.770015	-1.292012	-1.793699	0.974825	0.452829	-0.048859	-0.521997	-1.023684	-0.501687	0.196877	-0.736260	0.224911	1.312339	-0.738827	-0.631399	-0.082626	0.131639	-0.483956	0.655070	2.307612	-0.166677	0.300398	-0.862172	-1.807099	
18008.000000	22722.100000	6405.222222	35736.233333	13481.791667	22722.066667	37525.625000	10.031093	8.764869	10.483920	9.509095	10.031092	10.532779	1.266224	-0.452827	0.521998	0.000001	-0.501686	-1.719051	-0.744226	-1.266223	-1.767910	0.974825	0.452829	-0.048859	-0.521997	-1.023684	-0.501687	0.146296	-0.736260	0.224911	1.312339	-0.738827	-0.584797	-0.043017	0.177005	-0.442154	0.655070	2.307612	-0.166677	0.300398	-0.862172	-1.807099	
18026.000000	22722.100000	9997.000000	40498.115385	13481.791667	25481.769231	37525.625000	10.031093	9.210040	10.609011	9.509095	10.145719	10.532779	0.821053	-0.577917	0.521998	-0.114625	-0.501686	-1.398970	-0.299055	-0.935678	-1.322739	1.099915	0.463292	0.076231	-0.636623	-1.023684	-0.387061	-0.726838	-1.381663	0.224911	0.749884	-0.738827	-0.006392	0.640709	0.758482	0.279424	0.977608	2.363271	0.656669	0.039415	-0.862172	-1.342433	
18370.000000	22722.100000	8993.300000	35651.100000	13481.791667	22375.866667	37525.625000	10.031093	9.104235	10.481535	9.509095	10.015738	10.532779	0.926858	-0.450442	0.521998	0.015355	-0.501686	-1.377300	-0.404860	-0.911503	-1.428544	0.972440	0.465797	-0.051244	-0.506643	-1.023684	-0.517041	-0.519318	-0.723954	0.224911	1.387677	-0.738827	0.032767	0.478206	0.801009	0.107925	0.648921	2.376595	-0.182376	0.335355	-0.862172	-1.869338	
18485.000000	34407.166667	8993.300000	35651.100000	17692.444444	29075.000000	48302.666667	10.446020	9.104235	10.481535	9.780893	10.277634	10.785242	1.341785	-0.035515	0.665127	0.168386	-0.339222	-1.377300	-0.676658	-1.173399	-1.681007	0.700642	0.203901	-0.303707	-0.496741	-1.004349	-0.507608	0.294496	1.416859	0.595741	2.138576	-0.087375	0.032767	0.060759	0.340297	-0.301292	-0.051893	0.983494	-1.844088	0.357900	-0.808870	-1.831099	
26202.000000	34699.900000	11893.900000	43113.750000	13660.181818	29916.230769	37198.750000	10.454492	9.383781	10.671597	9.522240	10.306156	10.524030	1.070711	-0.217105	0.932252	0.148336	-0.069538	-1.287816	-0.138460	-0.922376	-1.140249	1.149357	0.365441	0.147567	-0.783916	-1.001790	-0.217874	-0.237173	0.479946	1.287828	2.040191	0.994007	0.194470	0.887364	0.781883	0.575222	1.105090	1.842770	1.126199	-0.295944	-0.801815	-0.656596	
26204.000000	34699.900000	7113.500000	42873.466667	13429.583333	25931.066667	37198.750000	10.454492	8.869750	10.666008	9.505215	10.163197	10.524030	1.584742	-0.211516	0.949277	0.291295	-0.069538	-1.796259	-0.635466	-1.293447	-1.654281	1.160793	0.502811	0.141978	-0.657982	-1.018815	-0.360833	0.771019	0.508782	1.331938	2.741670	0.994007	-0.724315	0.124025	0.129114	-0.257972	1.134578	2.573486	1.089413	-0.009215	-0.848750	-1.236115	
26213.000000	34699.900000	7113.500000	42873.466667	13429.583333	25931.066667	37198.750000	10.454492	8.869750	10.666008	9.505215	10.163197	10.524030	1.584742	-0.211516	0.949277	0.291295	-0.069538	-1.796259	-0.635466	-1.293447	-1.654281	1.160793	0.502811	0.141978	-0.657982	-1.018815	-0.360833	0.771019	0.508782	1.331938	2.741670	0.994007	-0.724315	0.124025	0.129114	-0.257972	1.134578	2.573486	1.089413	-0.009215	-0.848750	-1.236115	
26248.000000	34699.900000	6427.200000	54916.545455	15277.437500	60630.400000	48302.666667	10.454492	8.768294	10.913570	9.634132	11.012552	10.785242	1.686198	-0.459078	0.820360	-0.558060	-0.330750	-2.145276	-0.865838	-2.244257	-2.016948	1.279438	-0.098982	0.128328	-1.378419	-1.151110	0.227310	0.970008	-0.768511	0.997929	-1.425978	-0.053404	-1.355008	-0.229797	-1.543500	-0.845819	1.440495	-0.627631	0.999569	-1.649517	-1.213458	1.148059	
26714.000000	40062.875000	9343.700000	52489.133333	18800.666667	53829.233333	51166.125000	10.598205	9.142458	10.868361	9.841648	10.893572	10.842833	1.455748	-0.270156	0.756558	-0.295367	-0.244628	-1.725904	-0.699190	-1.751114	-1.700375	1.026714	-0.025211	0.025528	-1.051924	-1.001185	0.050739	0.518017	0.206230	0.832626	-0.136985	0.291931	-0.597179	0.026153	-0.675990	-0.332687	0.788862	-0.235220	0.322942	-0.906148	-0.800148	0.432289	
26730.000000	32118.900000	4778.650000	52489.133333	20111.772727	53829.233333	51166.125000	10.377200	8.471913	10.868361	9.909061	10.893572	10.842833	1.905287	-0.491162	0.468139	-0.516372	-0.465633	-2.396448	-1.437147	-2.421659	-2.370920	0.959301	-0.025211	0.025528	-0.984511	-0.933772	0.050739	1.399717	-0.934046	0.085369	-1.221423	-0.594261	-1.808891	-1.107256	-1.855575	-1.419572	0.615042	-0.235220	0.322942	-0.752662	-0.614304	0.432289	
26753.000000	32118.900000	5559.416667	52489.133333	29023.888889	53829.233333	51166.125000	10.377200	8.623248	10.868361	10.275875	10.893572	10.842833	1.753951	-0.491162	0.101325	-0.516372	-0.465633	-2.245113	-1.652626	-2.270324	-2.219585	0.592487	-0.025211	0.025528	-0.617697	-0.566958	0.050739	1.102897	-0.934046	-0.865000	-1.221423	-0.594261	-1.535420	-1.438204	-1.589354	-1.174273	-0.330765	-0.235220	0.322942	0.082505	0.396925	0.432289	
27025.000000	39012.250000	5559.416667	55262.928571	26139.100000	53829.233333	51166.125000	10.571631	8.623248	10.919858	10.171188	10.893572	10.842833	1.948383	-0.348227	0.400443	-0.321941	-0.271202	-2.296609	-1.547939	-2.270324	-2.219585	0.748670	0.026286	0.077025	-0.722384	-0.671645	0.050739	1.484243	-0.196574	-0.090022	-0.267381	0.185372	-1.628476	-1.277418	-1.589354	-1.174273	0.071944	0.038703	0.661890	-0.155848	0.108325	0.432289	
27105.000000	51902.000000	6883.500000	55262.928571	29023.888889	53829.233333	51166.125000	10.857113	8.836883	10.919858	10.275875	10.893572	10.842833	2.020230	-0.062745	0.581238	-0.036459	0.014280	-2.082975	-1.438992	-2.056689	-2.005950	0.643983	0.026286	0.077025	-0.617697	-0.566958	0.050739	1.625161	1.276367	0.378395	1.133432	1.330102	-1.242427	-1.110089	-1.213541	-0.827994	-0.197985	0.038703	0.661890	0.082505	0.396925	0.432289	
28389.000000	31924.600000	4547.555556	51960.033333	20833.625000	53829.233333	51166.125000	10.371132	8.422345	10.858230	9.944324	10.893572	10.842833	1.948787	-0.487098	0.426809	-0.522440	-0.471701	-2.435885	-1.521978	-2.471227	-2.420488	0.913907	-0.035342	0.015397	-0.949248	-0.898509	0.050739	1.485036	-0.913081	-0.021713	-1.251197	-0.618592	-1.880155	-1.237546	-1.942773	-1.499918	0.497996	-0.289112	0.256257	-0.672375	-0.517092	0.432289	
28423.000000	31924.600000	4099.500000	51960.033333	20833.625000	53829.233333	51166.125000	10.371132	8.318620	10.858230	9.944324	10.893572	10.842833	2.052512	-0.487098	0.426809	-0.522440	-0.471701	-2.539610	-1.625703	-2.574952	-2.524213	0.913907	-0.035342	0.015397	-0.949248	-0.898509	0.050739	1.688476	-0.913081	-0.021713	-1.251197	-0.618592	-2.067592	-1.396854	-2.125240	-1.668045	0.497996	-0.289112	0.256257	-0.672375	-0.517092	0.432289	
28449.000000	31924.600000	4099.500000	51960.033333	20833.625000	56588.250000	51166.125000	10.371132	8.318620	10.858230	9.944324	10.943557	10.842833	2.052512	-0.487098	0.426809	-0.572424	-0.471701	-2.539610	-1.625703	-2.624936	-2.524213	0.913907	-0.085327	0.015397	-0.999233	-0.898509	0.100724	1.688476	-0.913081	-0.021713	-1.496464	-0.618592	-2.067592	-1.396854	-2.213170	-1.668045	0.497996	-0.554995	0.256257	-0.786180	-0.517092	0.634913	
28467.000000	31924.600000	4099.500000	51960.033333	20833.625000	53392.933333	51166.125000	10.371132	8.318620	10.858230	9.944324	10.885434	10.842833	2.052512	-0.487098	0.426809	-0.514302	-0.471701	-2.539610	-1.625703	-2.566813	-2.524213	0.913907	-0.027204	0.015397	-0.941110	-0.898509	0.042601	1.688476	-0.913081	-0.021713	-1.211264	-0.618592	-2.067592	-1.396854	-2.110923	-1.668045	0.497996	-0.245822	0.256257	-0.653845	-0.517092	0.399299	
28479.000000	39724.250000	5593.000000	51960.033333	26452.150000	53392.933333	51166.125000	10.589717	8.629271	10.858230	10.183093	10.885434	10.842833	1.960446	-0.268513	0.406624	-0.295717	-0.253116	-2.228959	-1.553822	-2.256163	-2.213562	0.675137	-0.027204	0.015397	-0.702341	-0.659740	0.042601	1.507903	0.214708	-0.074008	-0.138702	0.257894	-1.506228	-1.286453	-1.564443	-1.164511	-0.117656	-0.245822	0.256257	-0.110212	0.141145	0.399299	
28492.000000	32014.400000	4095.550000	51960.033333	21227.875000	53392.933333	51166.125000	10.373941	8.317656	10.858230	9.963070	10.885434	10.842833	2.056285	-0.484289	0.410871	-0.511493	-0.468892	-2.540574	-1.645414	-2.567777	-2.525177	0.895160	-0.027204	0.015397	-0.922363	-0.879763	0.042601	1.695876	-0.898588	-0.063007	-1.197481	-0.607329	-2.069334	-1.427127	-2.112619	-1.669608	0.449658	-0.245822	0.256257	-0.611162	-0.465411	0.399299	
30829.000000	47489.833333	7351.875000	51960.033333	21227.875000	53392.933333	62745.666667	10.768271	8.902711	10.858230	9.963070	10.885434	11.046845	1.865560	-0.089959	0.805200	-0.117163	-0.278574	-1.955519	-1.060360	-1.982723	-2.144134	0.895160	-0.027204	-0.188615	-0.922363	-1.083774	-0.161411	1.321800	1.135956	0.958654	0.737433	0.155812	-1.012108	-0.528558	-1.083423	-1.051976	0.449658	-0.245822	-1.086551	-0.611162	-1.027829	-0.427710	
31047.000000	44031.250000	5800.500000	51960.033333	21227.875000	53392.933333	60884.125000	10.692655	8.665699	10.858230	9.963070	10.885434	11.016728	2.026955	-0.165575	0.729584	-0.192779	-0.324073	-2.192531	-1.297371	-2.219734	-2.351028	0.895160	-0.027204	-0.158498	-0.922363	-1.053657	-0.131294	1.638351	0.745815	0.762742	0.366397	-0.026630	-1.440400	-0.892577	-1.500361	-1.387331	0.449658	-0.245822	-0.888320	-0.611162	-0.944802	-0.305624	
31060.000000	35329.700000	5842.666667	51960.033333	22857.090909	53392.933333	60884.125000	10.472479	8.672943	10.858230	10.037017	10.885434	11.016728	1.799537	-0.385751	0.435463	-0.412954	-0.544248	-2.185288	-1.364074	-2.212491	-2.343785	0.821213	-0.027204	-0.158498	-0.848417	-0.979711	-0.131294	1.192305	-0.390181	0.000708	-0.713970	-0.909495	-1.427312	-0.995025	-1.487619	-1.375590	0.258992	-0.245822	-0.888320	-0.442800	-0.740948	-0.305624	
31100.000000	35329.700000	5842.666667	51960.033333	22857.090909	53392.933333	60884.125000	10.472479	8.672943	10.858230	10.037017	10.885434	11.016728	1.799537	-0.385751	0.435463	-0.412954	-0.544248	-2.185288	-1.364074	-2.212491	-2.343785	0.821213	-0.027204	-0.158498	-0.848417	-0.979711	-0.131294	1.192305	-0.390181	0.000708	-0.713970	-0.909495	-1.427312	-0.995025	-1.487619	-1.375590	0.258992	-0.245822	-0.888320	-0.442800	-0.740948	-0.305624	
31516.000000	35329.700000	5116.950000	51960.033333	20974.750000	53392.933333	60884.125000	10.472479	8.540314	10.858230	9.951075	10.885434	11.016728	1.932165	-0.385751	0.521405	-0.412954	-0.544248	-2.317916	-1.410761	-2.345120	-2.476414	0.907155	-0.027204	-0.158498	-0.934359	-1.065653	-0.131294	1.452435	-0.390181	0.223373	-0.713970	-0.909495	-1.666979	-1.066729	-1.720932	-1.590568	0.480589	-0.245822	-0.888320	-0.638474	-0.977872	-0.305624	
31566.000000	35329.700000	5116.950000	51960.033333	20974.750000	53392.933333	60884.125000	10.472479	8.540314	10.858230	9.951075	10.885434	11.016728	1.932165	-0.385751	0.521405	-0.412954	-0.544248	-2.317916	-1.410761	-2.345120	-2.476414	0.907155	-0.027204	-0.158498	-0.934359	-1.065653	-0.131294	1.452435	-0.390181	0.223373	-0.713970	-0.909495	-1.666979	-1.066729	-1.720932	-1.590568	0.480589	-0.245822	-0.888320	-0.638474	-0.977872	-0.305624	
31567.000000	35329.700000	5116.950000	51960.033333	20974.750000	53392.933333	60884.125000	10.472479	8.540314	10.858230	9.951075	10.885434	11.016728	1.932165	-0.385751	0.521405	-0.412954	-0.544248	-2.317916	-1.410761	-2.345120	-2.476414	0.907155	-0.027204	-0.158498	-0.934359	-1.065653	-0.131294	1.452435	-0.390181	0.223373	-0.713970	-0.909495	-1.666979	-1.066729	-1.720932	-1.590568	0.480589	-0.245822	-0.888320	-0.638474	-0.977872	-0.305624	
31569.000000	35329.700000	5116.950000	51960.033333	20974.750000	53392.933333	60884.125000	10.472479	8.540314	10.858230	9.951075	10.885434	11.016728	1.932165	-0.385751	0.521405	-0.412954	-0.544248	-2.317916	-1.410761	-2.345120	-2.476414	0.907155	-0.027204	-0.158498	-0.934359	-1.065653	-0.131294	1.452435	-0.390181	0.223373	-0.713970	-0.909495	-1.666979	-1.066729	-1.720932	-1.590568	0.480589	-0.245822	-0.888320	-0.638474	-0.977872	-0.305624	
31585.000000	58495.333333	5944.312500	51960.033333	29023.888889	53392.933333	60884.125000	10.976702	8.690190	10.858230	10.275875	10.885434	11.016728	2.286512	0.118472	0.700828	0.091269	-0.040025	-2.168040	-1.585684	-2.195244	-2.326538	0.582356	-0.027204	-0.158498	-0.609559	-0.740853	-0.131294	2.147431	2.211356	0.688237	1.760172	1.112348	-1.396144	-1.335390	-1.457278	-1.347634	-0.356888	-0.245822	-0.888320	0.101034	-0.082467	-0.305624	
35348.000000	37849.500000	6950.416667	55262.928571	24140.636364	53392.933333	60884.125000	10.541373	8.846557	10.919858	10.091652	10.885434	11.016728	1.694816	-0.378485	0.449721	-0.344061	-0.475355	-2.073301	-1.245095	-2.038877	-2.170171	0.828206	0.034424	-0.096870	-0.793782	-0.925076	-0.131294	0.986912	-0.352690	0.037650	-0.375919	-0.633243	-1.224945	-0.812288	-1.182206	-1.094179	0.277021	0.081993	-0.482688	-0.318406	-0.590330	-0.305624	
35349.000000	37849.500000	9773.812500	51698.966667	22276.250000	53392.933333	60884.125000	10.541373	9.187462	10.853193	10.011276	10.885434	11.016728	1.353911	-0.311820	0.530097	-0.344061	-0.475355	-1.665731	-0.823814	-1.697972	-1.829266	0.841917	-0.032241	-0.163535	-0.874157	-1.005451	-0.131294	0.318280	-0.008735	0.245893	-0.375919	-0.633243	-0.488444	-0.165254	-0.582504	-0.541606	0.312374	-0.272615	-0.921474	-0.501406	-0.811909	-0.305624	
37087.000000	37849.500000	10836.250000	51698.966667	22276.250000	53392.933333	60884.125000	10.541373	9.290652	10.853193	10.011276	10.885434	11.016728	1.250721	-0.311820	0.530097	-0.344061	-0.475355	-1.562541	-0.720624	-1.594781	-1.726075	0.841917	-0.032241	-0.163535	-0.874157	-1.005451	-0.131294	0.115888	-0.008735	0.245893	-0.375919	-0.633243	-0.301973	-0.006767	-0.400977	-0.374344	0.312374	-0.272615	-0.921474	-0.501406	-0.811909	-0.305624	
37092.000000	37849.500000	10836.250000	51698.966667	22276.250000	53392.933333	60884.125000	10.541373	9.290652	10.853193	10.011276	10.885434	11.016728	1.250721	-0.311820	0.530097	-0.344061	-0.475355	-1.562541	-0.720624	-1.594781	-1.726075	0.841917	-0.032241	-0.163535	-0.874157	-1.005451	-0.131294	0.115888	-0.008735	0.245893	-0.375919	-0.633243	-0.301973	-0.006767	-0.400977	-0.374344	0.312374	-0.272615	-0.921474	-0.501406	-0.811909	-0.305624	
37096.000000	37849.500000	10836.250000	51698.966667	22276.250000	53392.933333	60884.125000	10.541373	9.290652	10.853193	10.011276	10.885434	11.016728	1.250721	-0.311820	0.530097	-0.344061	-0.475355	-1.562541	-0.720624	-1.594781	-1.726075	0.841917	-0.032241	-0.163535	-0.874157	-1.005451	-0.131294	0.115888	-0.008735	0.245893	-0.375919	-0.633243	-0.301973	-0.006767	-0.400977	-0.374344	0.312374	-0.272615	-0.921474	-0.501406	-0.811909	-0.305624	
37137.000000	37849.500000	13576.500000	59756.833333	33594.250000	56588.250000	60884.125000	10.541373	9.516096	10.998039	10.422110	10.943557	11.016728	1.025277	-0.456666	0.119263	-0.402184	-0.475355	-1.481943	-0.906015	-1.427461	-1.500632	0.575929	0.054482	-0.018689	-0.521446	-0.594618	-0.073171	-0.326284	-0.756066	-0.818527	-0.661119	-0.633243	-0.156329	-0.291503	-0.106636	-0.008923	-0.373460	0.188689	0.031902	0.301651	0.320674	-0.070009	
37167.000000	46390.500000	16419.428571	61746.392857	37366.950000	56142.500000	60884.125000	10.744850	9.706221	11.030791	10.528542	10.935648	11.016728	1.038629	-0.285941	0.216308	-0.190798	-0.271878	-1.324570	-0.822321	-1.229428	-1.310507	0.502249	0.095142	0.014063	-0.407106	-0.488186	-0.081079	-0.300096	0.124789	-0.567094	0.376115	0.182663	0.128053	-0.162961	0.241733	0.299251	-0.563438	0.404973	0.247476	0.561981	0.614084	-0.102067	
49918.000000	45485.625000	19091.600000	58253.566667	30995.833333	56142.500000	60884.125000	10.725152	9.857004	10.972561	10.341608	10.935648	11.016728	0.868148	-0.247409	0.383544	-0.210497	-0.291576	-1.115557	-0.484604	-1.078645	-1.159724	0.630953	0.036912	-0.044167	-0.594040	-0.675120	-0.081079	-0.634469	0.323594	-0.133808	0.279458	0.103676	0.505752	0.355729	0.506983	0.543655	-0.231584	0.095229	-0.135796	0.136368	0.098747	-0.102067	
49921.000000	37310.400000	11154.444444	58253.566667	30995.833333	56142.500000	60884.125000	10.527027	9.319593	10.972561	10.341608	10.935648	11.016728	1.207434	-0.445533	0.185419	-0.408621	-0.489700	-1.652967	-1.022015	-1.616055	-1.697134	0.630953	0.036912	-0.044167	-0.594040	-0.675120	-0.081079	0.030988	-0.698627	-0.647123	-0.692706	-0.690767	-0.465379	-0.469665	-0.438400	-0.327434	-0.231584	0.095229	-0.135796	0.136368	0.098747	-0.102067	
50077.000000	45023.875000	13726.800000	58253.566667	37366.950000	56142.500000	60884.125000	10.714948	9.527105	10.972561	10.528542	10.935648	11.016728	1.187843	-0.257612	0.186406	-0.220700	-0.301780	-1.445455	-1.001436	-1.408543	-1.489622	0.444019	0.036912	-0.044167	-0.407106	-0.488186	-0.081079	-0.007437	0.270949	-0.644566	0.229391	0.062762	-0.090393	-0.438059	-0.073356	0.008923	-0.713581	0.095229	-0.135796	0.561981	0.614084	-0.102067	
50089.000000	36581.800000	11416.000000	58253.566667	31773.772727	56142.500000	60884.125000	10.507306	9.342771	10.972561	10.366396	10.935648	11.016728	1.164535	-0.465254	0.140910	-0.428342	-0.509422	-1.629789	-1.023625	-1.592877	-1.673957	0.606164	0.036912	-0.044167	-0.569252	-0.650331	-0.081079	-0.053152	-0.800379	-0.762442	-0.789475	-0.769845	-0.423495	-0.472139	-0.397627	-0.289865	-0.295499	0.095229	-0.135796	0.192807	0.167083	-0.102067	
51708.000000	36581.800000	8900.250000	58253.566667	29905.227273	56142.500000	60884.125000	10.507306	9.093835	10.972561	10.305789	10.935648	11.016728	1.413471	-0.465254	0.201518	-0.428342	-0.509422	-1.878726	-1.211954	-1.841814	-1.922893	0.666772	0.036912	-0.044167	-0.629860	-0.710939	-0.081079	0.435098	-0.800379	-0.605415	-0.789475	-0.769845	-0.873338	-0.761387	-0.835543	-0.693366	-0.139225	0.095229	-0.135796	0.054814	0.000000	-0.102067	
51765.000000	36581.800000	8900.250000	58253.566667	29905.227273	56142.500000	60884.125000	10.507306	9.093835	10.972561	10.305789	10.935648	11.016728	1.413471	-0.465254	0.201518	-0.428342	-0.509422	-1.878726	-1.211954	-1.841814	-1.922893	0.666772	0.036912	-0.044167	-0.629860	-0.710939	-0.081079	0.435098	-0.800379	-0.605415	-0.789475	-0.769845	-0.873338	-0.761387	-0.835543	-0.693366	-0.139225	0.095229	-0.135796	0.054814	0.000000	-0.102067	
51769.000000	36581.800000	8900.250000	58253.566667	29905.227273	56142.500000	60884.125000	10.507306	9.093835	10.972561	10.305789	10.935648	11.016728	1.413471	-0.465254	0.201518	-0.428342	-0.509422	-1.878726	-1.211954	-1.841814	-1.922893	0.666772	0.036912	-0.044167	-0.629860	-0.710939	-0.081079	0.435098	-0.800379	-0.605415	-0.789475	-0.769845	-0.873338	-0.761387	-0.835543	-0.693366	-0.139225	0.095229	-0.135796	0.054814	0.000000	-0.102067	
51773.000000	36581.800000	8900.250000	58253.566667	27413.416667	60889.038462	60884.125000	10.507306	9.093835	10.972561	10.218788	11.016808	11.016728	1.413471	-0.465254	0.288518	-0.509502	-0.509422	-1.878726	-1.124953	-1.922974	-1.922893	0.753773	-0.044248	-0.044167	-0.798021	-0.797940	0.000081	0.435098	-0.800379	-0.380006	-1.187715	-0.769845	-0.873338	-0.627765	-0.978315	-0.693366	0.085101	-0.336485	-0.135796	-0.328057	-0.239843	0.226934	
51776.000000	36581.800000	8900.250000	58253.566667	29905.227273	57574.033333	60884.125000	10.507306	9.093835	10.972561	10.305789	10.960827	11.016728	1.413471	-0.465254	0.201518	-0.453521	-0.509422	-1.878726	-1.211954	-1.866992	-1.922893	0.666772	0.011734	-0.044167	-0.655038	-0.710939	-0.055901	0.435098	-0.800379	-0.605415	-0.913022	-0.769845	-0.873338	-0.761387	-0.879836	-0.693366	-0.139225	-0.038703	-0.135796	-0.002513	0.000000	0.000000	
54017.000000	45023.875000	10523.875000	61746.392857	30944.818182	57574.033333	60884.125000	10.714948	9.261402	11.030791	10.339961	10.960827	11.016728	1.453546	-0.315843	0.374987	-0.245879	-0.301780	-1.769389	-1.078559	-1.699425	-1.755326	0.690830	0.069964	0.014063	-0.620866	-0.676767	-0.055901	0.513699	-0.029489	-0.155976	0.105844	0.062762	-0.675760	-0.556510	-0.585061	-0.421756	-0.077193	0.271041	0.247476	0.075291	0.094206	0.000000	
54341.000000	36055.400000	8930.444444	57899.633333	28381.208333	57574.033333	60884.125000	10.492812	9.097221	10.966466	10.253483	10.960827	11.016728	1.395590	-0.473654	0.239329	-0.468015	-0.523916	-1.869245	-1.156261	-1.863605	-1.919506	0.712984	0.005639	-0.050261	-0.707344	-0.763245	-0.055901	0.400027	-0.843719	-0.507449	-0.984143	-0.827965	-0.856205	-0.675850	-0.873878	-0.687876	-0.020071	-0.071120	-0.175908	-0.121604	-0.144197	0.000000	
54380.000000	45023.875000	12324.400000	57899.633333	33680.100000	57574.033333	60884.125000	10.714948	9.419336	10.966466	10.424662	10.960827	11.016728	1.295612	-0.251518	0.290286	-0.245879	-0.301780	-1.547130	-1.005326	-1.541491	-1.597391	0.541804	0.005639	-0.050261	-0.536164	-0.592065	-0.055901	0.203935	0.302393	-0.375427	0.105844	0.062762	-0.274125	-0.444033	-0.307231	-0.165760	-0.461448	-0.071120	-0.175908	0.268140	0.327710	0.000000	
54487.000000	36617.900000	10461.888889	57899.633333	28508.625000	57574.033333	60884.125000	10.508292	9.255494	10.966466	10.257962	10.960827	11.016728	1.252798	-0.458174	0.250331	-0.452534	-0.508435	-1.710972	-1.002468	-1.705333	-1.761233	0.708504	0.005639	-0.050261	-0.702865	-0.758766	-0.055901	0.119963	-0.763847	-0.478946	-0.908183	-0.765890	-0.570197	-0.439643	-0.595453	-0.431332	-0.031621	-0.071120	-0.175908	-0.111405	-0.131848	0.000000	
54571.000000	44620.000000	28487.333333	57899.633333	30770.272727	57574.033333	60884.125000	10.705937	10.257215	10.966466	10.334304	10.960827	11.016728	0.448723	-0.260529	0.371633	-0.254889	-0.310790	-0.709252	-0.077090	-0.703612	-0.759513	0.632162	0.005639	-0.050261	-0.626523	-0.682423	-0.055901	-1.457106	0.255902	-0.164666	0.061630	0.026630	1.239969	0.981620	1.166720	1.192358	-0.228465	-0.071120	-0.175908	0.062412	0.078612	0.000000	
54937.000000	41992.700000	12238.300000	57899.633333	30414.500000	57574.033333	60884.125000	10.645251	9.412326	10.966466	10.322675	10.960827	11.016728	1.232925	-0.321215	0.322576	-0.315576	-0.371477	-1.554141	-0.910349	-1.548501	-1.604402	0.643792	0.005639	-0.050261	-0.638152	-0.694053	-0.055901	0.080985	-0.057209	-0.291766	-0.236149	-0.216711	-0.286794	-0.298161	-0.319563	-0.177124	-0.198479	-0.071120	-0.175908	0.035933	0.046552	0.000000	
54952.000000	41992.700000	17401.642857	57899.633333	29745.636364	57574.033333	60884.125000	10.645251	9.764320	10.966466	10.300438	10.960827	11.016728	0.880931	-0.321215	0.344813	-0.315576	-0.371477	-1.202146	-0.536118	-1.196507	-1.252408	0.666029	0.005639	-0.050261	-0.660389	-0.716290	-0.055901	-0.609396	-0.057209	-0.234153	-0.236149	-0.216711	0.349280	0.276611	0.299646	0.393424	-0.141142	-0.071120	-0.175908	-0.014696	-0.014751	0.000000	
55097.000000	41992.700000	14394.055556	57899.633333	27566.916667	57574.033333	60884.125000	10.645251	9.574571	10.966466	10.224372	10.960827	11.016728	1.070680	-0.321215	0.420879	-0.315576	-0.371477	-1.391896	-0.649801	-1.386256	-1.442157	0.742095	0.005639	-0.050261	-0.736455	-0.792356	-0.055901	-0.237233	-0.057209	-0.037075	-0.236149	-0.216711	0.006392	0.102008	-0.034151	0.085859	0.054989	-0.071120	-0.175908	-0.187884	-0.224449	0.000000	
55128.000000	41992.700000	16148.500000	57899.633333	27566.916667	57574.033333	60884.125000	10.645251	9.689582	10.966466	10.224372	10.960827	11.016728	0.955669	-0.321215	0.420879	-0.315576	-0.371477	-1.276884	-0.534789	-1.271244	-1.327145	0.742095	0.005639	-0.050261	-0.736455	-0.792356	-0.055901	-0.462811	-0.057209	-0.037075	-0.236149	-0.216711	0.214225	0.278652	0.168172	0.272282	0.054989	-0.071120	-0.175908	-0.187884	-0.224449	0.000000	
56327.000000	41992.700000	14676.222222	57899.633333	27566.916667	57574.033333	60884.125000	10.645251	9.593984	10.966466	10.224372	10.960827	11.016728	1.051267	-0.321215	0.420879	-0.315576	-0.371477	-1.372482	-0.630388	-1.366843	-1.422744	0.742095	0.005639	-0.050261	-0.736455	-0.792356	-0.055901	-0.275309	-0.057209	-0.037075	-0.236149	-0.216711	0.041473	0.131824	0.000000	0.117326	0.054989	-0.071120	-0.175908	-0.187884	-0.224449	0.000000	
57019.000000	41992.700000	14676.222222	57899.633333	27566.916667	57574.033333	60884.125000	10.645251	9.593984	10.966466	10.224372	10.960827	11.016728	1.051267	-0.321215	0.420879	-0.315576	-0.371477	-1.372482	-0.630388	-1.366843	-1.422744	0.742095	0.005639	-0.050261	-0.736455	-0.792356	-0.055901	-0.275309	-0.057209	-0.037075	-0.236149	-0.216711	0.041473	0.131824	0.000000	0.117326	0.054989	-0.071120	-0.175908	-0.187884	-0.224449	0.000000	
57836.000000	51742.375000	20468.416667	57899.633333	32550.050000	57574.033333	60884.125000	10.854032	9.926638	10.966466	10.390534	10.960827	11.016728	0.927394	-0.112434	0.463498	-0.106795	-0.162695	-1.039828	-0.463896	-1.034189	-1.090089	0.575932	0.005639	-0.050261	-0.570293	-0.626194	-0.055901	-0.518267	1.019997	0.073345	0.788308	0.620464	0.642598	0.387535	0.585188	0.656526	-0.373451	-0.071120	-0.175908	0.190437	0.233626	0.000000	
57847.000000	41470.400000	12547.900000	57899.633333	27131.666667	57574.033333	60884.125000	10.632735	9.437309	10.966466	10.208457	10.960827	11.016728	1.195427	-0.333731	0.424278	-0.328092	-0.383993	-1.529158	-0.771148	-1.523518	-1.579419	0.758009	0.005639	-0.050261	-0.752370	-0.808271	-0.055901	0.007437	-0.121785	-0.028269	-0.297562	-0.266898	-0.241648	-0.084366	-0.275615	-0.136629	0.096025	-0.071120	-0.175908	-0.224119	-0.268323	0.000000	
58601.000000	51742.375000	17359.214286	61746.392857	32550.050000	57574.033333	60884.125000	10.854032	9.761879	11.030791	10.390534	10.960827	11.016728	1.092154	-0.176758	0.463498	-0.106795	-0.162695	-1.268912	-0.628655	-1.198948	-1.254849	0.640257	0.069964	0.014063	-0.570293	-0.626194	-0.055901	-0.195117	0.688115	0.073345	0.788308	0.620464	0.228631	0.134485	0.295352	0.389467	-0.207594	0.271041	0.247476	0.190437	0.233626	0.000000	
58650.000000	51742.375000	19578.250000	61746.392857	35766.611111	57574.033333	60884.125000	10.854032	9.882175	11.030791	10.484770	10.960827	11.016728	0.971858	-0.176758	0.369262	-0.106795	-0.162695	-1.148616	-0.602596	-1.078652	-1.134553	0.546021	0.069964	0.014063	-0.476057	-0.531958	-0.055901	-0.431058	0.688115	-0.170809	0.788308	0.620464	0.446012	0.174510	0.506969	0.584455	-0.450575	0.271041	0.247476	0.404994	0.493415	0.000000	
58703.000000	51742.375000	19439.583333	61746.392857	32213.300000	57574.033333	60884.125000	10.854032	9.875067	11.030791	10.380135	10.960827	11.016728	0.978966	-0.176758	0.473898	-0.106795	-0.162695	-1.155724	-0.505068	-1.085760	-1.141661	0.650656	0.069964	0.014063	-0.580692	-0.636593	-0.055901	-0.417117	0.688115	0.100289	0.788308	0.620464	0.433167	0.324300	0.494466	0.572933	-0.180779	0.271041	0.247476	0.166759	0.204957	0.000000	
58704.000000	41396.300000	14603.250000	57630.766667	26789.291667	57574.033333	60884.125000	10.630947	9.588999	10.961812	10.195758	10.960827	11.016728	1.041947	-0.330865	0.435189	-0.329880	-0.385781	-1.372812	-0.606758	-1.371828	-1.427728	0.766054	0.000985	-0.054916	-0.765069	-0.820970	-0.055901	-0.293588	-0.106997	0.000000	-0.306337	-0.274069	0.040877	0.168116	-0.008769	0.109247	0.116768	-0.095879	-0.206544	-0.253033	-0.303333	0.000000	
58713.000000	41396.300000	13024.555556	57630.766667	26789.291667	57574.033333	60884.125000	10.630947	9.474592	10.961812	10.195758	10.960827	11.016728	1.156355	-0.330865	0.435189	-0.329880	-0.385781	-1.487220	-0.721166	-1.486235	-1.542136	0.766054	0.000985	-0.054916	-0.765069	-0.820970	-0.055901	-0.069196	-0.106997	0.000000	-0.306337	-0.274069	-0.165864	-0.007599	-0.210028	-0.076197	0.116768	-0.095879	-0.206544	-0.253033	-0.303333	0.000000	
58718.000000	51742.375000	16796.142857	61746.392857	32213.300000	57574.033333	60884.125000	10.854032	9.728905	11.030791	10.380135	10.960827	11.016728	1.125128	-0.176758	0.473898	-0.106795	-0.162695	-1.301886	-0.651230	-1.231922	-1.287823	0.650656	0.069964	0.014063	-0.580692	-0.636593	-0.055901	-0.130443	0.688115	0.100289	0.788308	0.620464	0.169044	0.099813	0.237345	0.336019	-0.180779	0.271041	0.247476	0.166759	0.204957	0.000000	
59102.000000	41432.600000	15110.500000	59467.900000	31703.181818	57574.033333	60884.125000	10.631823	9.623145	10.993192	10.364172	10.960827	11.016728	1.008678	-0.361369	0.267651	-0.329004	-0.384904	-1.370047	-0.741027	-1.337682	-1.393583	0.629020	0.032365	-0.023536	-0.596655	-0.652555	-0.055901	-0.358841	-0.264381	-0.434071	-0.302037	-0.270554	0.045874	-0.038104	0.051299	0.164594	-0.236568	0.071041	0.000000	0.130416	0.160952	0.000000	
59105.000000	51742.375000	25508.900000	59467.900000	34922.700000	57574.033333	60884.125000	10.854032	10.146783	10.993192	10.460892	10.960827	11.016728	0.707250	-0.139160	0.393140	-0.106795	-0.162695	-0.846409	-0.314110	-0.814044	-0.869945	0.532300	0.032365	-0.023536	-0.499935	-0.555835	-0.055901	-0.950046	0.882106	-0.108944	0.788308	0.620464	0.992117	0.617587	0.972454	1.013358	-0.485954	0.071041	0.000000	0.350629	0.427589	0.000000	
59324.000000	46798.500000	21095.722222	59467.900000	32406.590909	57574.033333	60884.125000	10.753606	9.956826	10.993192	10.386117	10.960827	11.016728	0.796781	-0.239586	0.367489	-0.207221	-0.263121	-1.036366	-0.429292	-1.004001	-1.059902	0.607075	0.032365	-0.023536	-0.574710	-0.630611	-0.055901	-0.774444	0.363959	-0.175402	0.295534	0.217774	0.648854	0.440683	0.638292	0.705457	-0.293151	0.071041	0.000000	0.180380	0.221449	0.000000	
59350.000000	46798.500000	21501.222222	59467.900000	30347.666667	57574.033333	60884.125000	10.753606	9.975865	10.993192	10.320475	10.960827	11.016728	0.777741	-0.239586	0.433132	-0.207221	-0.263121	-1.017327	-0.344610	-0.984962	-1.040863	0.672717	0.032365	-0.023536	-0.640352	-0.696253	-0.055901	-0.811787	0.363959	-0.005331	0.295534	0.217774	0.683259	0.570743	0.671785	0.736318	-0.123897	0.071041	0.000000	0.030925	0.040487	0.000000	
66868.000000	46798.500000	26030.312500	59467.900000	30347.666667	57574.033333	60884.125000	10.753606	10.167017	10.993192	10.320475	10.960827	11.016728	0.586589	-0.239586	0.433132	-0.207221	-0.263121	-0.826175	-0.153458	-0.793810	-0.849711	0.672717	0.032365	-0.023536	-0.640352	-0.696253	-0.055901	-1.186702	0.363959	-0.005331	0.295534	0.217774	1.028682	0.864328	1.008049	1.046156	-0.123897	0.071041	0.000000	0.030925	0.040487	0.000000	
66892.000000	46798.500000	25091.687500	59467.900000	30347.666667	57574.033333	60884.125000	10.753606	10.130292	10.993192	10.320475	10.960827	11.016728	0.623315	-0.239586	0.433132	-0.207221	-0.263121	-0.862900	-0.190183	-0.830535	-0.886436	0.672717	0.032365	-0.023536	-0.640352	-0.696253	-0.055901	-1.114671	0.363959	-0.005331	0.295534	0.217774	0.962317	0.807923	0.943444	0.986628	-0.123897	0.071041	0.000000	0.030925	0.040487	0.000000	
66930.000000	46798.500000	20077.950000	59467.900000	34092.450000	57574.033333	60884.125000	10.753606	9.907377	10.993192	10.436831	10.960827	11.016728	0.846229	-0.239586	0.316775	-0.207221	-0.263121	-1.085814	-0.529454	-1.053449	-1.109350	0.556361	0.032365	-0.023536	-0.523996	-0.579897	-0.055901	-0.677459	0.363959	-0.306796	0.295534	0.217774	0.559498	0.286846	0.551305	0.625306	-0.423914	0.071041	0.000000	0.295846	0.361257	0.000000	
66938.000000	46798.500000	27557.571429	59467.900000	30070.458333	57574.033333	60884.125000	10.753606	10.224033	10.993192	10.311299	10.960827	11.016728	0.529574	-0.239586	0.442308	-0.207221	-0.263121	-0.769159	-0.087266	-0.736794	-0.792695	0.681893	0.032365	-0.023536	-0.649528	-0.705429	-0.055901	-1.298529	0.363959	0.018444	0.295534	0.217774	1.131712	0.965990	1.108348	1.138573	-0.100236	0.071041	0.000000	0.010032	0.015190	0.000000	
67135.000000	46798.500000	32124.416667	59467.900000	32104.181818	57574.033333	60884.125000	10.753606	10.377372	10.993192	10.376742	10.960827	11.016728	0.376235	-0.239586	0.376865	-0.207221	-0.263121	-0.615820	0.000630	-0.583455	-0.639356	0.616450	0.032365	-0.023536	-0.584085	-0.639986	-0.055901	-1.599280	0.363959	-0.151111	0.295534	0.217774	1.408804	1.100988	1.378094	1.387120	-0.268977	0.071041	0.000000	0.159034	0.195603	0.000000	
67156.000000	49446.250000	20011.550000	59467.900000	41603.142857	57574.033333	63208.000000	10.808641	9.904065	10.993192	10.635931	10.960827	11.054186	0.904577	-0.184550	0.172711	-0.152185	-0.245545	-1.089127	-0.731866	-1.056762	-1.150121	0.357261	0.032365	-0.060994	-0.324896	-0.418255	-0.093359	-0.563020	0.647912	-0.680050	0.565582	0.288254	0.553512	-0.024033	0.545478	0.559220	-0.937281	0.071041	-0.246552	0.749159	0.806869	-0.151846	
67167.000000	43684.900000	20011.550000	59467.900000	41603.142857	57574.033333	63208.000000	10.684758	9.904065	10.993192	10.635931	10.960827	11.054186	0.780693	-0.308434	0.048827	-0.276069	-0.369428	-1.089127	-0.731866	-1.056762	-1.150121	0.357261	0.032365	-0.060994	-0.324896	-0.418255	-0.093359	-0.805998	0.008735	-1.001018	-0.042295	-0.208498	0.553512	-0.024033	0.545478	0.559220	-0.937281	0.071041	-0.246552	0.749159	0.806869	-0.151846	
70077.000000	43684.900000	27955.142857	59467.900000	32794.045455	57574.033333	51809.875000	10.684758	10.238356	10.993192	10.398002	10.960827	10.855336	0.446401	-0.308434	0.286756	-0.276069	-0.170578	-0.754835	-0.159646	-0.722470	-0.616980	0.595190	0.032365	0.137856	-0.562825	-0.457334	0.105491	-1.461659	0.008735	-0.384574	-0.042295	0.588855	1.157596	0.854824	1.133546	1.423390	-0.323796	0.071041	1.062282	0.207440	0.699137	0.654238	
70093.000000	43684.900000	32124.416667	59467.900000	32794.045455	57574.033333	51809.875000	10.684758	10.377372	10.993192	10.398002	10.960827	10.855336	0.307386	-0.308434	0.286756	-0.276069	-0.170578	-0.615820	-0.020631	-0.583455	-0.477964	0.595190	0.032365	0.137856	-0.562825	-0.457334	0.105491	-1.734316	0.008735	-0.384574	-0.042295	0.588855	1.408804	1.068334	1.378094	1.648720	-0.323796	0.071041	1.062282	0.207440	0.699137	0.654238	
70219.000000	43684.900000	19637.250000	59467.900000	27955.181818	59712.346154	51809.875000	10.684758	9.885184	10.993192	10.238358	10.997294	10.855336	0.799574	-0.308434	0.446400	-0.312536	-0.170578	-1.108008	-0.353174	-1.112111	-0.970152	0.754834	-0.004102	0.137856	-0.758936	-0.616978	0.141958	-0.768965	0.008735	0.029045	-0.221234	0.588855	0.519393	0.557589	0.448112	0.850932	0.087837	-0.122938	1.062282	-0.239069	0.259031	0.802066	
70257.000000	43684.900000	19637.250000	59467.900000	27955.181818	56590.000000	51809.875000	10.684758	9.885184	10.993192	10.238358	10.943588	10.855336	0.799574	-0.308434	0.446400	-0.258830	-0.170578	-1.108008	-0.353174	-1.058404	-0.970152	0.754834	0.049604	0.137856	-0.705230	-0.616978	0.088252	-0.768965	0.008735	0.029045	0.042295	0.588855	0.519393	0.557589	0.542589	0.850932	0.087837	0.162743	1.062282	-0.116790	0.259031	0.584355	
71324.000000	43684.900000	24387.937500	59467.900000	29333.681818	53847.133333	51809.875000	10.684758	10.101844	10.993192	10.286492	10.893904	10.855336	0.582914	-0.308434	0.398266	-0.209147	-0.170578	-0.891348	-0.184648	-0.792061	-0.753492	0.706700	0.099288	0.137856	-0.607413	-0.568844	0.038568	-1.193911	0.008735	-0.095663	0.286083	0.588855	0.910910	0.816424	1.011126	1.202117	-0.036273	0.427022	1.062282	0.105921	0.391726	0.382953	
71345.000000	43684.900000	32124.416667	59467.900000	29333.681818	53847.133333	51809.875000	10.684758	10.377372	10.993192	10.286492	10.893904	10.855336	0.307386	-0.308434	0.398266	-0.209147	-0.170578	-0.615820	0.090880	-0.516533	-0.477964	0.706700	0.099288	0.137856	-0.607413	-0.568844	0.038568	-1.734316	0.008735	-0.095663	0.286083	0.588855	1.408804	1.239600	1.495820	1.648720	-0.036273	0.427022	1.062282	0.105921	0.391726	0.382953	
71431.000000	43684.900000	32124.416667	59467.900000	29333.681818	53847.133333	51809.875000	10.684758	10.377372	10.993192	10.286492	10.893904	10.855336	0.307386	-0.308434	0.398266	-0.209147	-0.170578	-0.615820	0.090880	-0.516533	-0.477964	0.706700	0.099288	0.137856	-0.607413	-0.568844	0.038568	-1.734316	0.008735	-0.095663	0.286083	0.588855	1.408804	1.239600	1.495820	1.648720	-0.036273	0.427022	1.062282	0.105921	0.391726	0.382953	
73636.000000	43684.900000	32124.416667	59467.900000	28031.208333	53847.133333	51809.875000	10.684758	10.377372	10.993192	10.241074	10.893904	10.855336	0.307386	-0.308434	0.443684	-0.209147	-0.170578	-0.615820	0.136298	-0.516533	-0.477964	0.752118	0.099288	0.137856	-0.652831	-0.614262	0.038568	-1.734316	0.008735	0.022009	0.286083	0.588855	1.408804	1.309356	1.495820	1.648720	0.080834	0.427022	1.062282	0.002513	0.266518	0.382953	
75311.000000	43684.900000	26332.437500	59467.900000	28031.208333	53847.133333	51809.875000	10.684758	10.178557	10.993192	10.241074	10.893904	10.855336	0.506201	-0.308434	0.443684	-0.209147	-0.170578	-0.814635	-0.062517	-0.715348	-0.676779	0.752118	0.099288	0.137856	-0.652831	-0.614262	0.038568	-1.344371	0.008735	0.022009	0.286083	0.588855	1.049535	1.004002	1.146076	1.326461	0.080834	0.427022	1.062282	0.002513	0.266518	0.382953	
75324.000000	43684.900000	24793.666667	59467.900000	28031.208333	53847.133333	51809.875000	10.684758	10.118344	10.993192	10.241074	10.893904	10.855336	0.566414	-0.308434	0.443684	-0.209147	-0.170578	-0.874848	-0.122730	-0.775561	-0.736993	0.752118	0.099288	0.137856	-0.652831	-0.614262	0.038568	-1.226272	0.008735	0.022009	0.286083	0.588855	0.940726	0.911522	1.040152	1.228861	0.080834	0.427022	1.062282	0.002513	0.266518	0.382953	
76450.000000	43684.900000	23306.750000	59240.321429	28031.208333	53847.133333	51809.875000	10.684758	10.056498	10.989358	10.241074	10.893904	10.855336	0.628259	-0.304600	0.443684	-0.209147	-0.170578	-0.932859	-0.184575	-0.837406	-0.798838	0.748284	0.095453	0.134022	-0.652831	-0.614262	0.038568	-1.104973	0.028517	0.022009	0.286083	0.588855	0.835897	0.816535	0.931357	1.128616	0.070948	0.406626	1.037045	0.002513	0.266518	0.382953	
76471.000000	43684.900000	23306.750000	55961.384615	27007.363636	53847.133333	51809.875000	10.684758	10.056498	10.932417	10.203865	10.893904	10.855336	0.628259	-0.247659	0.480893	-0.209147	-0.170578	-0.875919	-0.147367	-0.837406	-0.798838	0.728552	0.038513	0.077081	-0.690040	-0.651471	0.038568	-1.104973	0.322302	0.118413	0.286083	0.588855	0.938791	0.873684	0.931357	1.128616	0.020071	0.103743	0.662262	-0.082205	0.163941	0.382953	
76474.000000	43684.900000	23306.750000	55961.384615	27007.363636	53847.133333	51809.875000	10.684758	10.056498	10.932417	10.203865	10.893904	10.855336	0.628259	-0.247659	0.480893	-0.209147	-0.170578	-0.875919	-0.147367	-0.837406	-0.798838	0.728552	0.038513	0.077081	-0.690040	-0.651471	0.038568	-1.104973	0.322302	0.118413	0.286083	0.588855	0.938791	0.873684	0.931357	1.128616	0.020071	0.103743	0.662262	-0.082205	0.163941	0.382953	
85623.000000	43684.900000	25165.833333	49400.200000	25189.166667	53847.133333	51809.875000	10.684758	10.133243	10.807710	10.134169	10.893904	10.855336	0.551515	-0.122952	0.550588	-0.209147	-0.170578	-0.674467	-0.000927	-0.760662	-0.722094	0.673540	-0.086195	-0.047626	-0.759735	-0.721167	0.038568	-1.255494	0.965729	0.298985	0.286083	0.588855	1.302826	1.098596	1.066361	1.253011	-0.121773	-0.559613	-0.158564	-0.240888	-0.028195	0.382953	
86000.000000	43684.900000	30421.250000	49400.200000	25189.166667	53847.133333	51809.875000	10.684758	10.322897	10.807710	10.134169	10.893904	10.855336	0.361861	-0.122952	0.550588	-0.209147	-0.170578	-0.484813	0.188727	-0.571008	-0.532439	0.673540	-0.086195	-0.047626	-0.759735	-0.721167	0.038568	-1.627471	0.965729	0.298985	0.286083	0.588855	1.645542	1.389881	1.399991	1.560421	-0.121773	-0.559613	-0.158564	-0.240888	-0.028195	0.382953	
86475.000000	53306.000000	15215.388889	41811.909091	34354.000000	59708.666667	74568.000000	10.883804	9.630063	10.640936	10.444474	10.997232	11.219467	1.253742	0.242868	0.439330	-0.113428	-0.335663	-1.010874	-0.814411	-1.367170	-1.589404	0.196463	-0.356296	-0.578530	-0.552759	-0.774993	-0.222234	0.121813	2.853175	0.010729	0.755757	-0.073103	0.694920	-0.150812	-0.000575	-0.152813	-1.351889	-1.996362	-3.652979	0.230358	-0.176583	-0.674271	
86483.000000	53306.000000	13874.750000	30914.285714	15329.277778	47788.833333	18724.125000	10.883804	9.537826	10.338974	9.637520	10.774547	9.837568	1.345978	0.544830	1.246284	0.109257	1.046236	-0.801148	-0.099694	-1.236721	-0.299742	0.701454	-0.435574	0.501406	-1.137027	-0.200048	0.936979	0.302721	4.411151	2.101448	1.848438	5.468061	1.073907	0.946903	0.228903	1.937600	-0.049801	-2.418064	3.455170	-1.099912	1.408420	4.024868	
86489.000000	53306.000000	13874.750000	30914.285714	15329.277778	47788.833333	18724.125000	10.883804	9.537826	10.338974	9.637520	10.774547	9.837568	1.345978	0.544830	1.246284	0.109257	1.046236	-0.801148	-0.099694	-1.236721	-0.299742	0.701454	-0.435574	0.501406	-1.137027	-0.200048	0.936979	0.302721	4.411151	2.101448	1.848438	5.468061	1.073907	0.946903	0.228903	1.937600	-0.049801	-2.418064	3.455170	-1.099912	1.408420	4.024868	
86688.000000	53306.000000	8807.600000	39711.100000	40539.333333	58468.045455	74568.000000	10.883804	9.083370	10.589386	10.610028	10.976236	11.219467	1.800434	0.294418	0.273776	-0.092431	-0.335663	-1.506016	-1.526658	-1.892865	-2.136096	-0.020642	-0.386850	-0.630081	-0.366208	-0.609439	-0.243231	1.194065	3.119149	-0.418201	0.858785	-0.073103	-0.199829	-1.244732	-0.925350	-1.038947	-1.911680	-2.158886	-3.992285	0.655100	0.279815	-0.759386	
86779.000000	32410.600000	8807.600000	27636.714286	10602.666667	46167.928571	25318.666667	10.386241	9.083370	10.226900	9.268861	10.740041	10.139297	1.302871	0.159340	1.117380	-0.353800	0.246944	-1.143530	-0.185491	-1.656670	-1.055927	0.958040	-0.513140	0.087603	-1.471180	-0.870436	0.600743	0.218172	2.422216	1.767472	-0.423707	2.263043	0.455203	0.815130	-0.509849	0.711900	0.611790	-2.830664	0.731518	-1.860715	-0.439700	2.661859	
87329.000000	21093.375000	8807.600000	29770.769231	17947.071429	42656.857143	25460.833333	9.956714	9.083370	10.301282	9.795182	10.660943	10.144897	0.873344	-0.344568	0.161532	-0.704229	-0.188182	-1.217912	-0.711812	-1.577573	-1.061526	0.506100	-0.359661	0.156386	-0.865761	-0.349714	0.516047	-0.624277	-0.177698	-0.709012	-2.143208	0.518266	0.320791	0.006767	-0.370705	0.702824	-0.553508	-2.014262	1.184245	-0.482289	0.995821	2.318521	
87756.000000	16926.400000	8807.600000	25835.800000	6125.444444	39830.300000	19160.250000	9.736630	9.083370	10.159516	8.720207	10.592383	9.860593	0.653260	-0.422887	1.016423	-0.855753	-0.123963	-1.076146	0.363164	-1.509013	-0.777223	1.439310	-0.432867	0.298923	-1.872177	-1.140387	0.731790	-1.055939	-0.581782	1.505906	-2.886713	0.775773	0.576969	1.657793	-0.250098	1.163652	1.852716	-2.403665	2.122429	-2.773710	-1.183896	3.193086	
87801.000000	16926.400000	11972.000000	25835.800000	454.000000	39830.300000	19160.250000	9.736630	9.390326	10.159516	6.118097	10.592383	9.860593	0.346304	-0.422887	3.618533	-0.855753	-0.123963	-0.769191	3.272229	-1.202057	-0.470267	4.041419	-0.432867	0.298923	-4.474286	-3.742496	0.731790	-1.657984	-0.581782	8.247652	-2.886713	0.775773	1.131656	6.125747	0.289882	1.661196	8.562096	-2.403665	2.122429	-8.698227	-8.357368	3.193086	
